<Score>
27
<Player_Power_Ups>
3
5
<Player>
10
211
727
88
<Unit>
42
-10209
7350
0
<Unit>
43
1991
5264
100
<Unit>
43
3487
4324
100
<Unit>
42
319
12438
0
<Unit>
42
38
12251
0
<Unit>
43
4902
2068
100
<Unit>
43
4604
-794
100
<Unit>
42
620
10788
0
<Unit>
42
665
6678
0
<Unit>
42
5150
3682
0
<Unit>
42
2829
5183
0
<Unit>
42
78
5410
0
<Unit>
42
381
3798
0
<Unit>
42
675
2358
0
<Unit>
42
675
2148
0
<Unit>
51
377
455
0
<Unit>
21
57
310
100
<Unit>
22
453
146
100
<Unit>
42
57
918
0
<Unit>
42
57
708
0
<Unit>
50
808
5
0
<Unit>
42
57
498
0
